[[1.0, 0.777193654335734, 0.6327711856310749, 0.2619653176998644, 0.2720371122476454, 0.38156897849848737, -0.14401735272219368, 0.3994511709863643, 0.7699402098459874, -0.07587123543644057, 0.1565585275921882, 0.28248440111991974, 0.7332261929459291, 0.8076558332513719, -0.15416325206274373, 0.06223292754843439, 0.585219493372143, 0.8481479735593052, -0.026151859235735264, 0.6725757171774799, 0.2266723004351253, 0.7823692330606985, 0.24974205005918781, 0.10316277265235288, 0.17247454436202864, 0.5393035346854756, 0.02525229172812167, 0.5487140053241193, 0.3757284978409482, 0.38296190392010115, 0.38516103151852377, -0.04307507828042232, 0.6654313951611445, 0.5561343223331076, 0.3627144598792682, 0.7427512558482651, 0.07629291432148638, 0.5584626508575726, 0.5733247569308253, 0.311071242256745, 0.5801547766444719, 0.23928249241523308, 0.5785222773127713, 0.5034936500754401, 0.23411739768801465, 0.34714641224673665, 0.7610224097071252, 0.34789108834811694, 0.6473225177384383, 0.2161884826092518, -0.00851132535305066, 0.4605281797110805, 0.5526909629348246, 0.6663637628272061, 0.19552861562853505, 0.6329761420941572, 0.19102971200816712, 0.3868389111541064, 0.2699650367025878, 0.18201105739374643, 0.8418794008922338, 0.615868645284337, -0.042211175007062514, 0.52505181051061, 0.6348541858103915, 0.6464460066208364, 0.28189108121301526, -0.02049661156599106, 0.17892903768984333, 0.5886532564335405, 0.17838929864218947, 0.551455339135823, 0.6253077032088546, 0.20174215862795924, 0.04153877108737301, 0.6982672237134363, 0.1350395773858942, 0.20569853933654123, 0.8021961820613455, 0.27888686197613294, 0.008635948915449781, 0.6376279126356312, 0.2732916052459259, 0.5482427361247265, -0.1752492548143236, 0.5716145887438691, 0.7132975846180084, 0.7086961267858949, 0.5686007262004334, 0.3803376657607335, 0.7389422837310092, 0.06532792376901785, 0.084030967136504, 0.05776219266467948, 0.19284491781639343, 0.18268804932395735, 0.65814832128943, 0.5054712858030548, 0.4145292637264782, 0.2645529567189656], [0.777193654335734, 1.0, 0.6129554038369975, 0.5284389935376744, 0.44221956559870834, 0.5687838891187716, 0.10743062107492932, 0.5365144626164846, 0.8592970315915541, -0.06111508240855258, 0.4936440146350223, 0.5475218917980615, 0.8940400327472027, 0.9464481049611131, -0.23649930268800767, 0.3150940637757788, 0.4837203386855736, 0.8207222113562063, 0.254793202551498, 0.7362261623410391, 0.272204061202264, 0.9150686814687823, 0.32226495962493956, 0.4014982276454178, 0.49267286871374777, 0.7773935870436803, 0.39305166266496994, 0.8287490155450639, 0.4203094184261251, 0.5908225065310445, 0.3063838997186635, 0.10464746484051703, 0.8358529020430286, 0.6795891989631864, 0.6240715288398015, 0.42594736272410433, -0.05465427295194041, 0.2916644975416825, 0.7704963942364152, 0.22317583896359067, 0.5435394059812623, 0.36710473952864336, 0.7275461454638699, 0.4671341348661302, 0.27643309694991386, 0.20282247451142585, 0.5579195822441966, 0.3753319897636601, 0.43635879754881457, 0.3259333183467875, -0.21988696369948005, 0.5888261799242466, 0.7309944360711377, 0.7402633786986756, 0.18589657646906785, 0.8344762500877843, 0.04923177572068728, 0.282378328989919, 0.4759305312475374, 0.3857973305234876, 0.6144820484075221, 0.5834662433384854, 0.18238425133566255, 0.37394112495819765, 0.6340002198486694, 0.8557079294108939, 0.5005698926535851, 0.07946486003814196, -0.1233571926774876, 0.4903721292154025, 0.44608748040162605, 0.3147662838921328, 0.4588368783374033, 0.41240511134641666, 0.37896816314156134, 0.8070057606830421, 0.30154034034954746, 0.3568801764040579, 0.6968863804000621, 0.5044586476534014, 0.3023073078001037, 0.5841073723360737, 0.5632231557138504, 0.6695033529782097, -0.19517635501513975, 0.8225478312533046, 0.5829732247192153, 0.48051374639531613, 0.7984950540981925, 0.485634296184406, 0.7390470935128397, 0.26611393589579535, 0.18353746578844907, 0.31688667176907875, -0.04076802038067513, 0.06591416405127147, 0.6013097285322134, 0.3988501388104404, 0.2166419192786493, 0.5294673034590595], [0.6327711856310749, 0.6129554038369975, 1.0, 0.3850850796365418, 0.5434544275727178, 0.6280108214233788, -0.04282536458129969, 0.6350071305855768, 0.6072147992205645, -0.061456815080462565, 0.4549550293508319, 0.5215391245011574, 0.761429287199553, 0.5216514591918299, -0.21428552244708696, 0.5726814448820724, 0.4751896287049112, 0.5552270733985482, 0.09733263371412673, 0.5909622683149169, 0.45431400808153355, 0.5184711369400526, 0.6001879329867736, 0.24641690774325642, 0.5216363381263346, 0.6671267074086272, 0.31388558554830004, 0.5237567969951833, 0.6469985113093975, 0.31602852026368805, 0.7515475205946569, -0.03835092956093952, 0.7244122006401761, 0.7427707592701192, 0.6342388246245448, 0.6680008050765043, -0.0834856034297413, 0.6794665888137085, 0.6912071035891647, 0.21571553488154316, 0.5757013964312448, 0.6095341745220401, 0.7630207791945444, 0.7585089682529195, 0.48910645018710286, 0.37430435115571864, 0.5687595114759775, 0.5029616485400201, 0.5911181608892405, 0.4107675170340526, -0.2276546214442079, 0.642174139186414, 0.5568571834075023, 0.5583764430543865, 0.21898056740380475, 0.6876760910367281, 0.07976693074665926, 0.6241982720783229, 0.59654065967616, 0.4798390277915774, 0.5923165706649484, 0.5610689413144899, 0.05172032393525205, 0.1721129650637405, 0.744831882050333, 0.5584578965414324, 0.5142316141017161, 0.10058761048247913, 0.016659846745242835, 0.7631664133516313, 0.535137707742854, 0.5448286523772886, 0.7876864304198743, 0.5959816031820355, 0.4758719876852058, 0.5303957759596746, 0.508296991987625, 0.5922624293767932, 0.4971888814872576, 0.6342943678464533, 0.4016134773873183, 0.6000399554349437, 0.6288797226202799, 0.7943314393574069, -0.2916609803346802, 0.6614430571658966, 0.7705256427772141, 0.6193921566574562, 0.6086201130366, 0.6938726812598562, 0.7783383193223903, 0.38394455239246045, 0.3456380177755413, 0.535842403638196, 0.3541819066627119, 0.40626062092915627, 0.8035518355936297, 0.40276582377444187, 0.6858811074723438, 0.4131731657819726], [0.2619653176998644, 0.5284389935376744, 0.3850850796365418, 1.0, 0.28183472498280443, 0.24738956648016133, 0.6764849340052898, 0.5567911370392288, 0.4101310968636467, 0.6347798050027331, 0.5439385333374374, 0.30835218334136344, 0.5492532929839475, 0.4650634227758037, 0.3968863413724031, 0.5420624617232069, 0.565098121835899, 0.3678623773931345, 0.7545096080513174, 0.16861837708630775, 0.7690137366309073, 0.27586528220595813, 0.49638883149570423, 0.029348622523493323, 0.2712503217826933, 0.6201573568685923, 0.7548022112052232, 0.3316048080770374, 0.6974760495484883, 0.5846423554789841, 0.21844059857385814, 0.4639740429006265, 0.4101773217443916, 0.48720112600481397, 0.6972729784228957, 0.03503413124268387, 0.439547264384264, 0.03950017447176771, 0.2883466383602151, 0.6180836029564516, 0.357148638001862, 0.5703242119925304, 0.5073181923391387, 0.47388525838360934, 0.715871591586574, 0.47638262042104373, 0.11269796841251935, 0.6643758367042861, 0.45685069658402716, 0.8046116140116389, 0.289637301128187, 0.19624722997121533, 0.2414636692189027, 0.6140879891731524, 0.7139648952609365, 0.7100238327034706, 0.5049116983864772, 0.42203381923434224, 0.5393190858693512, 0.7479934825555122, 0.3036872349132893, 0.5911047939346122, 0.7664264952519121, 0.2974645136988259, 0.6285663205399306, 0.34514437091359884, 0.7666497526427359, 0.6712688748180973, 0.21046880984682764, 0.4140482714256343, 0.6448671704430894, 0.41106588204442635, 0.2019804854976572, 0.5050533526469786, 0.6089508112599824, 0.5389935290863883, 0.6953216405417748, 0.28990112728142775, 0.46290917098539924, 0.4821549031344346, 0.3553675464191248, 0.5411156885023214, 0.23213502238100545, 0.3116726596502167, 0.4215183635962436, 0.29612887498808893, 0.16146796565164045, 0.45054844038486913, 0.3317993928381557, 0.3846767375061308, 0.45387667151012057, 0.5689532423556785, 0.6609191265888378, 0.5322519521382066, 0.006851048705773886, 0.4583323140009594, 0.41424374167734074, 0.4829107591255248, 0.3450913582247494, 0.24360030524524698], [0.2720371122476454, 0.44221956559870834, 0.5434544275727178, 0.28183472498280443, 1.0, 0.8825388483649615, -0.00617883936352803, 0.4199310681985799, 0.40196235011599696, -0.04431489267171127, 0.7101953508110511, 0.5764940487414636, 0.49520793419486003, 0.30664094188483165, -0.2101189394784033, 0.7204129727801106, 0.07508241413680267, 0.12667430920987546, 0.36304913106173, 0.3587500388225056, 0.2684165530177619, 0.261652675030378, 0.7360637766803225, 0.4688531354604318, 0.8148693879091098, 0.7358891705419478, 0.6125228638130689, 0.6470328647664636, 0.49412472517215306, 0.18522272397768313, 0.573120300344418, 0.041600309421144524, 0.689390044148794, 0.6387870489410064, 0.7196740375484919, 0.1358867105124345, -0.28440382272586207, 0.22254339915910867, 0.6312880537557922, -0.0968072236767074, 0.26555970627868003, 0.4907329735800257, 0.7025091274767681, 0.4597549733633646, 0.2852834369380832, 0.3088612272733593, -0.0030640333932819954, 0.30769782265954154, 0.35685132185218715, 0.35824258566312267, -0.3786663619274341, 0.8158601649832183, 0.4258205466988864, 0.44352504960252565, 0.09960030813180851, 0.6531195967244781, -0.18794544218104994, 0.4331365224468525, 0.5244613635943364, 0.5104355183973068, 0.27405030002602326, 0.330987330427565, 0.07605667186653976, -0.20625986988787942, 0.5710959705141021, 0.4771755592252417, 0.5533358884191575, 0.18614203235696028, -0.23668152401181705, 0.3956820218899958, 0.6602776988067743, 0.04358579944186542, 0.4222143701523333, 0.7869160559664496, 0.7137744925253552, 0.345613776594795, 0.580030506019105, 0.791221242298002, 0.031764250757648695, 0.8325353847694139, 0.6728373149528246, 0.2301217190878649, 0.7260644893461942, 0.7137648103510786, -0.20516943305267094, 0.6265776114349675, 0.28726025298748137, 0.37013384538150157, 0.7300700844389447, 0.7703356301526398, 0.34092782504798486, 0.5807120513817058, 0.47636276019922225, 0.7126271608939433, -0.009129326410319345, 0.3673304110479592, 0.5442884591714734, -0.07818339204508963, 0.4359378971708295, 0.609723283106879], [0.38156897849848737, 0.5687838891187716, 0.6280108214233788, 0.24738956648016133, 0.8825388483649615, 1.0, 0.005555206523874645, 0.4505760995940119, 0.5249634182059654, -0.1585383593303364, 0.7291599537072714, 0.5728504006218078, 0.6530970903206917, 0.44855383759199324, -0.33614184171907446, 0.7399653104760411, 0.15904296329842124, 0.3253358082845522, 0.2713663674807805, 0.4949706266836247, 0.27711953180359644, 0.4248208312189594, 0.6682900591532023, 0.532690430717263, 0.8302474527655433, 0.7113642589335721, 0.5342920459320026, 0.735771870435238, 0.5334311210543632, 0.2547435868435076, 0.610075424485174, 0.015339365900498897, 0.7807898103069123, 0.7167640455261969, 0.6961929384968064, 0.2721476830590177, -0.3200221108953209, 0.3677432159234914, 0.7222206044066624, -0.08402215991819242, 0.3593299731213078, 0.4365427632555166, 0.8072904893644214, 0.5777001732612191, 0.2719949015253998, 0.2559341262407994, 0.17802455485390892, 0.2847774506981429, 0.4331408794168008, 0.24604719885281712, -0.45401511863097105, 0.829924083878136, 0.5704496952653756, 0.4343486042908244, 0.03896268133795305, 0.7054805177891186, -0.2116237407533628, 0.4667956986560572, 0.5038744601258628, 0.4711315529030872, 0.29252758206103036, 0.3279117784589219, 0.05808762383448968, -0.1497485708363913, 0.6608788196900319, 0.6094964954408624, 0.5497873138471036, 0.042520982143647364, -0.31750662959126125, 0.5293075784468968, 0.6107136997848701, 0.13984922595320337, 0.5514656984262682, 0.7466385482689716, 0.708248469892498, 0.40413155789682903, 0.5074404570674297, 0.7669281535786823, 0.18335949061172802, 0.7820373747784394, 0.6443401715738535, 0.31684508534768485, 0.7586950526295648, 0.8149291342396661, -0.3266347809920942, 0.7333009742666611, 0.4361291567198209, 0.39946757127966914, 0.794191161134779, 0.7519378699980507, 0.45686097085979555, 0.4425905738257777, 0.4529158940948681, 0.6355948143860896, 0.04533450697488993, 0.24651012719584342, 0.5796175761979159, 0.058991604157401616, 0.4354082939628276, 0.6534919485332076], [-0.14401735272219368, 0.10743062107492932, -0.04282536458129969, 0.6764849340052898, -0.00617883936352803, 0.005555206523874645, 1.0, 0.2578063291380765, -0.09251181626757177, 0.8006799248486881, 0.47238328313965156, 0.0554636564217976, 0.08727502039624084, 0.07184747665097273, 0.5312962349731987, 0.3413581026721225, 0.36311919421198363, 0.013269900969260064, 0.7487596642661892, -0.17403060782024313, 0.6117763095741744, -0.11027615826791039, 0.18799993805200363, -0.18130080454294345, 0.04646068111766598, 0.20853126193284416, 0.6226475077012146, -0.007163430320794, 0.4530278199088193, 0.4255401693540028, -0.019710827868352054, 0.6835776520328637, 0.018411891514374296, 0.16083617783735255, 0.3630143321529426, -0.2479119520919712, 0.6315865016823274, -0.31716022628609736, -0.13939944218834055, 0.5959245611205538, 0.1372783112818396, 0.2503563799220746, 0.0807419774300337, 0.14972246819126067, 0.5421506288609415, 0.40548787354898685, -0.13917431835720448, 0.4347203370074053, 0.07603856843297627, 0.5830848579206387, 0.4743043602148382, -0.13735598929514717, -0.053082406976166445, 0.13507064709603786, 0.6862614700991364, 0.2811557417623402, 0.44866254391185456, 0.23937943469984382, 0.25877890255896346, 0.5735111923373705, -0.09750061999671486, 0.14353764486747125, 0.9270517821307611, 0.34543352026736435, 0.20136627770390253, -0.04124116297821954, 0.6096650212122169, 0.7402331297982618, 0.2382595346167865, -0.061116339601410496, 0.3555450954795612, 0.08997629200271977, -0.13657951731890916, 0.16658041183884312, 0.44742430939730243, 0.15313025296399704, 0.5746270036841278, 0.06745118013937391, 0.16437526328968793, 0.19148410344559685, 0.13389056045130848, 0.3229940305592942, -0.1130098945564669, -0.058911152604170125, 0.6326210164401841, -0.1294232669316086, -0.16858012088308957, 0.017069759874532166, 0.031309483488146495, 0.0374515499015636, 0.06331095716710514, 0.39885709066376873, 0.6378753884798296, 0.31727614895678025, 0.08549138107086403, 0.30675206284969736, 0.11750248830973987, 0.42721578192554344, 0.07672773082443139, 0.04565051106714223], [0.3994511709863643, 0.5365144626164846, 0.6350071305855768, 0.5567911370392288, 0.4199310681985799, 0.4505760995940119, 0.2578063291380765, 1.0, 0.45757333538563905, 0.21754520907083955, 0.4848854205053556, 0.6140922177975797, 0.6490986679176401, 0.422515772312852, 0.06554979784564287, 0.5577770442815625, 0.5337494865530724, 0.3447013565676122, 0.36836568241274265, 0.20420406905712912, 0.6042778072041994, 0.3582008268548223, 0.6017801037643533, 0.3175866230060752, 0.4480427472377942, 0.7360618994435667, 0.6422373210657343, 0.4999159351892121, 0.7393998511767473, 0.43819993805282514, 0.6948327420324317, 0.24480447203377184, 0.6658877321831006, 0.7145576350987077, 0.7581833230446201, 0.4525718169077848, 0.22586890326384954, 0.4510605347505531, 0.5506735689063166, 0.45216242329305967, 0.6951343162220232, 0.7563389521749131, 0.6320990153056185, 0.7308125106633977, 0.686484634778884, 0.35649384425007097, 0.39261673341743447, 0.6673774619206245, 0.43173400720819366, 0.5302897844617136, -0.004481716405360029, 0.46422260400655074, 0.5632089629696996, 0.5927279632054969, 0.43014275506347743, 0.7101916849034504, 0.3168406531196132, 0.7149964332736547, 0.6962052346263607, 0.6812663586181162, 0.46985631215262863, 0.5002298128168265, 0.3486386080869912, 0.251282390137729, 0.5876364920622911, 0.4979191243180707, 0.662665319003914, 0.4463470289726936, 0.28246710388453267, 0.5498223352877164, 0.690518441337078, 0.36906815005104177, 0.6728836061521103, 0.6973488562411354, 0.5797302316117633, 0.45453519117861424, 0.7065909882024187, 0.46888444985830846, 0.37510310975545763, 0.6026184711624308, 0.5996674768333626, 0.5161772182416838, 0.5924823077685734, 0.7009359885516117, 0.03739969029571484, 0.48334141259773, 0.6023129467616243, 0.51643046103234, 0.42643872793232024, 0.6674890194344539, 0.5823706178569982, 0.5747165804220878, 0.5468043459983384, 0.6015918805304474, 0.5320125316558358, 0.459666844028399, 0.5783472049258475, 0.5384227168721089, 0.6158470538662001, 0.43400959812139267], [0.7699402098459874, 0.8592970315915541, 0.6072147992205645, 0.4101310968636467, 0.40196235011599696, 0.5249634182059654, -0.09251181626757177, 0.45757333538563905, 1.0, -0.14196002387342813, 0.28677633024120197, 0.5003622772272333, 0.8225374641599463, 0.8796934642761632, -0.29849448872308554, 0.23502317774151, 0.5011749480930724, 0.8475793018017874, 0.1250466470137035, 0.7210453161097597, 0.27069111217634223, 0.8485748317435113, 0.3268195294028139, 0.41485573958170935, 0.353137915552264, 0.6833025464011703, 0.20208296226688965, 0.6555116964326814, 0.3560480743982376, 0.6257072595388614, 0.28381042236412046, -0.12808120939234796, 0.7298199156728802, 0.6787365281078412, 0.4670221875240199, 0.5343153797162783, -0.13164768856692302, 0.432551742884767, 0.681167522109425, 0.19991212751983367, 0.572180711082563, 0.1971817940318136, 0.6565479910601266, 0.5319782619256314, 0.2626364103928331, 0.11917639992233153, 0.6760250515891649, 0.40391506426771256, 0.5497325268834046, 0.23281235638101, -0.2440590606588142, 0.5700655092208976, 0.8014838887550044, 0.8203088605161585, 0.1011261273327475, 0.7690318066442342, 0.1436039008461217, 0.3175393581749088, 0.45444729882753504, 0.3642215600572609, 0.6459624384074828, 0.604372994040907, -0.0035911410080477074, 0.24384514396789236, 0.6388174557080142, 0.8257470756602863, 0.3404793491150397, -0.03328571421705595, -0.05857018756079808, 0.5856420960252638, 0.37992804373882855, 0.44403294367650775, 0.5240793128543656, 0.31597746881200134, 0.2671840389017257, 0.6788124677988472, 0.17904361768856597, 0.24345264205901243, 0.7280579976226538, 0.32248220273282113, 0.22940284668998048, 0.5104773910235632, 0.44561891162588646, 0.6597397317116209, -0.28893473180316, 0.7077566120530059, 0.6946042038015527, 0.5977713823237832, 0.6377009258394291, 0.3847893903511877, 0.7411322968607083, 0.11679565320645006, 0.11961706439937424, 0.14215979614973404, -0.016052366123263533, 0.02100693877389032, 0.5330994419691879, 0.4345128970130149, 0.2263164467496969, 0.4827074597282211], [-0.07587123543644057, -0.06111508240855258, -0.061456815080462565, 0.6347798050027331, -0.04431489267171127, -0.1585383593303364, 0.8006799248486881, 0.21754520907083955, -0.14196002387342813, 1.0, 0.2854297315024722, 0.0036463492544975833, -0.056844236121845866, -0.04153178710295712, 0.8335224691874192, 0.1970210271531822, 0.4980502426213971, -0.023088427236145067, 0.7654789573553994, -0.27121403997891164, 0.69548508882674, -0.2337066806368933, 0.17712314175991414, -0.43813052206806286, -0.17433171792313057, 0.13849976537450848, 0.46493604989015663, -0.22408492713626912, 0.5156495468512019, 0.27996726344497286, 0.028777785527601782, 0.7196836669705033, -0.08861764488661139, 0.014810095958727416, 0.29562351729008446, -0.16980162840527865, 0.8719965585569325, -0.1752174295940789, -0.28153638737283265, 0.7960954193499494, 0.2553499432692681, 0.27442524297300774, -0.04702553683445885, 0.2293420307876163, 0.6632760986027889, 0.6928342061234373, -0.07929106147102467, 0.4816994732210587, 0.285353682287964, 0.683472197714884, 0.8071362539491072, -0.2561122517630156, -0.21324585415612446, 0.17980841000238978, 0.8913584480107913, 0.20489141959742202, 0.7184295209535022, 0.4120283276374749, 0.17408829598680053, 0.5393825721817993, -0.004462659939813932, 0.272226336892554, 0.8502161267245668, 0.49954912669826285, 0.25847769079532446, -0.19132850878754148, 0.5218669651295235, 0.8650319909116456, 0.6032892233226502, 0.01861883182084731, 0.2448128142213543, 0.22143703692387684, -0.05399795184394342, 0.0680537482842846, 0.19318202768711135, 0.08992579873567688, 0.5922279989925785, 0.015701731232032508, 0.1997684977087901, 0.08930523758250726, -0.07437512888930366, 0.3645039031977835, -0.2969936414954436, -0.22272125302915546, 0.856828083566121, -0.370180032177162, -0.18026481667815814, 0.21955705274306375, -0.13544674052867903, 0.059149210303068675, 0.0049953797275152775, 0.25254631907219777, 0.6193529116161992, 0.19285594295003589, 0.2321151884914728, 0.5491809881823456, 0.08089283244923383, 0.49950439076060055, 0.2409049258232443, -0.21766256939741047], [0.1565585275921882, 0.4936440146350223, 0.4549550293508319, 0.5439385333374374, 0.7101953508110511, 0.7291599537072714, 0.47238328313965156, 0.4848854205053556, 0.28677633024120197, 0.2854297315024722, 1.0, 0.575138014208682, 0.5502471642165113, 0.3394789641259507, 0.036874564017596416, 0.7439898844017212, 0.29195572145924215, 0.14552679148790432, 0.5996900053366441, 0.27987891466172526, 0.4638524817507141, 0.25576559746415034, 0.5762354547584744, 0.384682018683035, 0.7754700101337033, 0.6577893538480024, 0.7951436670765929, 0.6156999372074188, 0.6067206265228471, 0.274908107682471, 0.4560290525977095, 0.4680260943821954, 0.6122701000892647, 0.5452811158615951, 0.7652729480536957, -0.04012204943421858, 0.07982893248660294, -0.001680314485977628, 0.4801320714701167, 0.1704426376767153, 0.33087331683508714, 0.5639780314525996, 0.646745870106649, 0.43497632152101273, 0.40659384013152106, 0.41627511079472723, -0.06918930215779284, 0.3004704739545276, 0.2891932452141612, 0.45580681138706114, -0.11309478259616708, 0.6574995327465963, 0.3319790916426857, 0.34699266713235727, 0.36545263685979745, 0.6856414111593625, -0.07401275622789828, 0.3873166474428754, 0.5581080392702343, 0.5830858470647398, 0.10347294390054354, 0.21117872289691503, 0.5279291348648447, 0.06457097219904737, 0.5425832790332881, 0.4525574754455374, 0.7637674320490069, 0.45501058225076757, -0.15007967031626976, 0.28830406472589026, 0.5819513435372506, 0.05859307678616178, 0.26218758535903347, 0.7201516399806548, 0.8158690841474375, 0.3540400835929305, 0.7139472259830144, 0.744705372734053, 0.12167828813955325, 0.8015327805336948, 0.6361128610031611, 0.3692101981058935, 0.6309408554106505, 0.5917026864595544, 0.1210383614735642, 0.5562954664985668, 0.1710233318746225, 0.20523013019028052, 0.6807972665634241, 0.6603539969534881, 0.3396562553791234, 0.5511317432068361, 0.5635856044130385, 0.753894670622661, 0.019804928998771794, 0.3615584774594994, 0.47742344709720064, 0.16570444096334572, 0.28140061454938053, 0.6348988129060322], [0.28248440111991974, 0.5475218917980615, 0.5215391245011574, 0.30835218334136344, 0.5764940487414636, 0.5728504006218078, 0.0554636564217976, 0.6140922177975797, 0.5003622772272333, 0.0036463492544975833, 0.575138014208682, 1.0, 0.6035340302092769, 0.4554651955279282, -0.08806758550189378, 0.508387404243631, 0.21910750927913417, 0.28748426126438986, 0.31131337424123434, 0.3798712461029219, 0.25450142843009993, 0.4063882006904207, 0.5387919716005748, 0.552315925263221, 0.6334714445012788, 0.7502325355218163, 0.4963226822175297, 0.5892929752020274, 0.4469916370675038, 0.4200452449215914, 0.4843624165355442, 0.11067614625549242, 0.6789714367522651, 0.6839504862453157, 0.6570741401617952, 0.19304023862468822, -0.05157621568001034, 0.15010345063993102, 0.5850357158973265, 0.08412031376580123, 0.5526810783580953, 0.5749218278447802, 0.5470972682400776, 0.4916586021334705, 0.3883189618818203, 0.13223930780578472, 0.2336173666101511, 0.4012650188579036, 0.31594990864058026, 0.31817875329374057, -0.2062732015037332, 0.5725254936373741, 0.6796397595852889, 0.5587711930355381, 0.16113636161934433, 0.6434244336594521, 0.013790509277700426, 0.46813176841294, 0.6573674909647802, 0.536162676233526, 0.26753093894506697, 0.28677142721729226, 0.12624524660718953, 0.011370630790215705, 0.4692362102700581, 0.6422876987857499, 0.5006638938875573, 0.2565872666735068, 0.06581919259461737, 0.2976662071595691, 0.5602660594319981, -0.035366309705766465, 0.4673531424665061, 0.5765475866389161, 0.6004293848973936, 0.4056594052015864, 0.5456129531060604, 0.5303651402072614, 0.20393076177374272, 0.5954323048897012, 0.5536925579077052, 0.31403611852222135, 0.7193878750847171, 0.6615652364459074, -0.09423700183523746, 0.595628948124037, 0.414899487449978, 0.2137811997449775, 0.5899646635888126, 0.6496054734101927, 0.4439451585463658, 0.48974834495740843, 0.3727182160681328, 0.5252611020250566, 0.22798401917938227, 0.2579261474461552, 0.41177631286885846, 0.2503446668265957, 0.29648149509512334, 0.5991826475275425], [0.7332261929459291, 0.8940400327472027, 0.761429287199553, 0.5492532929839475, 0.49520793419486003, 0.6530970903206917, 0.08727502039624084, 0.6490986679176401, 0.8225374641599463, -0.056844236121845866, 0.5502471642165113, 0.6035340302092769, 1.0, 0.8302042706659502, -0.26874721109267224, 0.4808908223866734, 0.55447753342583, 0.7662495742552946, 0.22521637898370356, 0.7157359360319702, 0.41899482103768515, 0.8277978445458591, 0.4626450506661529, 0.4171421114479889, 0.5514752640919341, 0.7683166712496846, 0.4317578479278813, 0.7818312336696842, 0.577088524217436, 0.5216429933712023, 0.5037635345692484, 0.10772056420375016, 0.8336777107278718, 0.7455667096744625, 0.6723273300527844, 0.5315260739722805, -0.059593251548444394, 0.4821094267055204, 0.7554024030306199, 0.2475012815153615, 0.645297353570283, 0.5159017583494521, 0.8338636895239779, 0.667465378692245, 0.38774478760279457, 0.23850591376590669, 0.5907899449201185, 0.43571506574193547, 0.5274672185460096, 0.358846403969711, -0.23157653546292875, 0.6116281467380897, 0.7248780322695777, 0.6881373625422825, 0.1947417389763637, 0.8504840883222944, 0.06953907583518569, 0.45314327283922695, 0.5605396724406182, 0.45853836352347993, 0.5558290383774398, 0.5625805981210918, 0.1882854942248074, 0.2935982544942167, 0.7474741221493526, 0.8032017691999604, 0.566965470386358, 0.1095371200129525, -0.07731158804052074, 0.6861490870662015, 0.4983452721071778, 0.4795125797836086, 0.6327523162317787, 0.5527041540334869, 0.506914064288867, 0.6923721983273519, 0.4416473251226992, 0.4615670374346114, 0.6552017026529889, 0.5854351443106932, 0.40395527037649576, 0.6314105732503389, 0.6458784215694465, 0.7885969996972871, -0.21950071436034665, 0.82092235837404, 0.6973201558813601, 0.5777550573356881, 0.7375307314874656, 0.5880445176732745, 0.7814562909946847, 0.3065432491223809, 0.2811747315595485, 0.43008077449518844, 0.15355476012950425, 0.1394564781711605, 0.6616625148191776, 0.47112897684118493, 0.37981597827451236, 0.5710569835409981], [0.8076558332513719, 0.9464481049611131, 0.5216514591918299, 0.4650634227758037, 0.30664094188483165, 0.44855383759199324, 0.07184747665097273, 0.422515772312852, 0.8796934642761632, -0.04153178710295712, 0.3394789641259507, 0.4554651955279282, 0.8302042706659502, 1.0, -0.19257717486321632, 0.1753919211148044, 0.5046107880841932, 0.8808368225596568, 0.17709583092230935, 0.6978282984447006, 0.212507337699449, 0.9494846389143639, 0.1915387281653973, 0.3272798567499455, 0.32352057029915293, 0.6701827963505356, 0.2473069353450501, 0.7323140427673298, 0.33734597115502846, 0.6081818674259275, 0.17960772790847437, 0.07177299111347686, 0.73978787633419, 0.621471417671629, 0.4919848726451001, 0.4298503218563453, 0.013490611861870349, 0.273848278553678, 0.6711912744687138, 0.2670085691927196, 0.530306061375683, 0.210988440954707, 0.6071482756367949, 0.39466126320118394, 0.22127871240685573, 0.17577191848862944, 0.6358824494513357, 0.34988609799011333, 0.449881260946727, 0.2682089908555409, -0.12887956026507366, 0.48928355681515245, 0.7201523227439265, 0.7445735979488499, 0.15975118862169363, 0.7432427361575371, 0.14358005107148553, 0.23568339112589037, 0.4017860440475484, 0.31204073411085953, 0.628602038702613, 0.5364149332775772, 0.15139515158001082, 0.42888229605500766, 0.5791038564819473, 0.8261342431288293, 0.4029443443785302, 0.034597809303739166, -0.03508093810961355, 0.4230875302404502, 0.31567852580032335, 0.32444690002814164, 0.4107401733899854, 0.23495822288873497, 0.22728790326101395, 0.7970542828775145, 0.16917570842045787, 0.1916862201088569, 0.760380307198897, 0.32063917300472944, 0.14807819562139543, 0.5569481688412532, 0.39877879566980373, 0.5686540958903071, -0.14623306813704467, 0.7159618303041502, 0.5792786183095202, 0.4858819230755724, 0.6904039306888861, 0.3438174942663884, 0.6870850186245689, 0.140292120607234, 0.1128666587867312, 0.1460310504617718, -0.04468183045968483, 0.010600514254609953, 0.510323834165821, 0.4594999135743175, 0.12749468244786405, 0.43156385955791227], [-0.15416325206274373, -0.23649930268800767, -0.21428552244708696, 0.3968863413724031, -0.2101189394784033, -0.33614184171907446, 0.5312962349731987, 0.06554979784564287, -0.29849448872308554, 0.8335224691874192, 0.036874564017596416, -0.08806758550189378, -0.26874721109267224, -0.19257717486321632, 1.0, -0.011990541991586742, 0.2182175888823231, -0.18114878525510167, 0.5300947070068484, -0.47304518657599975, 0.431367551543998, -0.3555705391819273, 0.0950771443612619, -0.5100527487301995, -0.34819733037300266, 0.0006476817190809916, 0.23927872788743157, -0.3924067612714923, 0.35304713743418176, 0.11928585488221032, -0.09039166656194261, 0.45969168092103924, -0.23434037928274662, -0.09986015845682596, 0.08612507499549237, -0.23941160848227724, 0.806050249553346, -0.264869743071611, -0.37423236370336754, 0.6620625998338967, 0.04825651762250352, 0.15808021484285545, -0.27349328867516587, 0.05546349188785493, 0.5473028515271481, 0.5470121499769327, -0.18707526662049329, 0.4275589587315514, 0.23628965277180705, 0.538718804021155, 0.8624325185884977, -0.34025131507093975, -0.3030148702869206, 0.07872537319826484, 0.7479440172964916, -0.00506426177865637, 0.6547415434919691, 0.3258504204817405, 0.026140283812412794, 0.3586465862908528, 0.0370043049298473, 0.06467800794191193, 0.5858120616392974, 0.34029255979567163, 0.10048940465206482, -0.2950212112391749, 0.3417702278987083, 0.6803341368604042, 0.706728937107352, -0.14876960240154818, 0.14244533781897553, -0.0106951840036196, -0.14107699945910435, -0.12002938262281301, -0.0055700072116529374, -0.08524444989816674, 0.39211367335420566, -0.11571078564114495, 0.023588251647558324, -0.10917253547635747, -0.1680324647953894, 0.1095078579656256, -0.40107137371917684, -0.38969200874582643, 0.8056953114507317, -0.5155178845621349, -0.319189974780755, 0.052700401728094204, -0.31099753880343406, 0.030828874245748886, -0.18827747336413578, 0.22708178038298338, 0.49901790505550425, 0.036584013135812235, 0.19279925532639086, 0.622395014382142, -0.11710856745768197, 0.29095726224908264, 0.13554057153180915, -0.4050868391310903], [0.06223292754843439, 0.3150940637757788, 0.5726814448820724, 0.5420624617232069, 0.7204129727801106, 0.7399653104760411, 0.3413581026721225, 0.5577770442815625, 0.23502317774151, 0.1970210271531822, 0.7439898844017212, 0.508387404243631, 0.4808908223866734, 0.1753919211148044, -0.011990541991586742, 1.0, 0.1850995424648531, 0.023615657333283784, 0.4786761889696001, 0.1469731573709846, 0.5751451371226395, 0.09513660767702645, 0.7562004652884683, 0.3451478117727563, 0.7515596267274096, 0.6297908743995964, 0.7004916936909925, 0.49252463956838466, 0.7445155798852336, 0.21609671337534084, 0.5950716223067204, 0.1664077888409336, 0.5642221976640425, 0.6648180449310092, 0.8244861620202019, 0.06905454110315892, -0.09174271718465317, 0.21475700287109858, 0.5154269611357065, 0.11030254923864803, 0.20149011554209695, 0.681181156188954, 0.7100642144694044, 0.5793525199719307, 0.5081860712876302, 0.3231116619553701, -0.08321382546089291, 0.48841076321627563, 0.3943856136271271, 0.5567010652847376, -0.28558235981515895, 0.5896040473346815, 0.32908541790148244, 0.34129547449721465, 0.2950969613663246, 0.626825456522479, 0.028263515208325457, 0.5389113852923102, 0.6092164487906153, 0.6987304157536622, 0.14377342065346788, 0.31802225248657273, 0.41690406490255066, -0.23499848478306892, 0.6287731930084363, 0.33429353411329726, 0.7578286613287555, 0.34981481362309785, -0.16050399357043416, 0.4620948922563355, 0.796918127903672, 0.14052532921505662, 0.42156703868097034, 0.8184396011514797, 0.8798587259319233, 0.2825070215273959, 0.7568885943752129, 0.7715928427167373, 0.010381398266016507, 0.8122401286034963, 0.7324535929199067, 0.3198630563597221, 0.6879976541971512, 0.6550177057121381, -0.07760062473253725, 0.4981687647956028, 0.20861475138011432, 0.3449035036540861, 0.5519543241728921, 0.7485876589173626, 0.33974909283028387, 0.7155050800349475, 0.6773597693148982, 0.8458977390972359, 0.0748740473061378, 0.4774170713467738, 0.5126235191040117, 0.07880293787606577, 0.5283642720304811, 0.48362080547983477], [0.585219493372143, 0.4837203386855736, 0.4751896287049112, 0.565098121835899, 0.07508241413680267, 0.15904296329842124, 0.36311919421198363, 0.5337494865530724, 0.5011749480930724, 0.4980502426213971, 0.29195572145924215, 0.21910750927913417, 0.55447753342583, 0.5046107880841932, 0.2182175888823231, 0.1850995424648531, 1.0, 0.6362503788999267, 0.36663923220629707, 0.3877965192611701, 0.684230562667538, 0.4008860647190014, 0.217961567834629, -0.12893151842743109, -0.004877436655280334, 0.4067689437008039, 0.30643540743951825, 0.20099231696510753, 0.5915232901097149, 0.4734833013820775, 0.3875783025850454, 0.4626033946532285, 0.3686364436068814, 0.41841144305592715, 0.3912624122112686, 0.5929175709171054, 0.5866743743918483, 0.4162502277255972, 0.16050578659122194, 0.7907839483326209, 0.7906490683657085, 0.36758151114415605, 0.4402630113087324, 0.6469633824412875, 0.5883806693958995, 0.6200522374071121, 0.6456670653408475, 0.5146376171188678, 0.5972125701979494, 0.5098315349785867, 0.3780029068842113, 0.09196891567682439, 0.3825573314230962, 0.5552197464536013, 0.6468370911132811, 0.5691569879973535, 0.6006686252128849, 0.6086691938282097, 0.3744082748048516, 0.4327216866001081, 0.4983214962108228, 0.5966371897309828, 0.49539325606106066, 0.7385548377468243, 0.5887993222326384, 0.3423655337901228, 0.5046186524847239, 0.4769473238792, 0.4866412568159753, 0.5438740422585555, 0.20485991138614923, 0.706357106185262, 0.5031363034113143, 0.19525815538964728, 0.18309100215088805, 0.5390540952991529, 0.44954351073945586, 0.07004954039077119, 0.7738080429537597, 0.2010058419150471, -0.036270022822533825, 0.8204705044929784, 0.02212530226637495, 0.35132755793489856, 0.3009331285430313, 0.17605972444970042, 0.5721828025548596, 0.6436250138616789, 0.2226381037659263, 0.2028530828591163, 0.6409029595256504, 0.06297791497329355, 0.36921491942615764, 0.12910500935902364, 0.5103495473926581, 0.29631574307846176, 0.5910767206045535, 0.9061597116938671, 0.4685784317383876, 0.1174018886612588], [0.8481479735593052, 0.8207222113562063, 0.5552270733985482, 0.3678623773931345, 0.12667430920987546, 0.3253358082845522, 0.013269900969260064, 0.3447013565676122, 0.8475793018017874, -0.023088427236145067, 0.14552679148790432, 0.28748426126438986, 0.7662495742552946, 0.8808368225596568, -0.18114878525510167, 0.023615657333283784, 0.6362503788999267, 1.0, 0.07575346396450373, 0.7475463050131915, 0.2747794052905817, 0.8494203747046866, 0.12030449806433413, 0.11575798922027405, 0.07449506919292803, 0.4931302752469705, 0.043001237369066275, 0.49655428762549997, 0.3003900858030841, 0.6183464368730426, 0.18730327749027512, 0.027772492751969975, 0.587332901834156, 0.5163939650583711, 0.2882682864307866, 0.6195293936836911, 0.12536728317204412, 0.4609830608317329, 0.5167743907644308, 0.38867953180702514, 0.6069399079867859, 0.09637446950619687, 0.49727123892296055, 0.484470897805334, 0.2572086527003461, 0.2290922141491329, 0.8122409688642004, 0.3540486470021797, 0.5571506055096274, 0.1996766266501545, -0.010499421146736186, 0.29276723387566006, 0.6573935653032558, 0.6527618426049868, 0.22509307025668984, 0.625156617545318, 0.27878258105910975, 0.30161452402851224, 0.2522142086084754, 0.21807739907144916, 0.6470217401715527, 0.5987461877037393, 0.0890018634214536, 0.5469715589515282, 0.5855378567825876, 0.6818429054476166, 0.2598644675470002, -0.0077325014904354285, 0.09126097489273412, 0.5631893825827798, 0.1719914442563856, 0.5482470481065583, 0.4843726613268536, 0.05578589057889513, 0.025141186586941956, 0.7059212891709044, 0.07818996809031413, 0.030556442786451355, 0.8992630773956717, 0.11166021813799035, -0.10167323911113926, 0.638931043852616, 0.17311512992522324, 0.4540974057438441, -0.14104327251376164, 0.5397685457943949, 0.6765800172634118, 0.5785003757526368, 0.5131560041778036, 0.1692997598095322, 0.744449555874847, -0.0790614392685458, 0.06717200041926163, -0.07585047599639114, 0.10326843974088912, -0.012306552312446387, 0.5288149127025269, 0.62044806572531, 0.21800087244156793, 0.22860053735146044], [-0.026151859235735264, 0.254793202551498, 0.09733263371412673, 0.7545096080513174, 0.36304913106173, 0.2713663674807805, 0.7487596642661892, 0.36836568241274265, 0.1250466470137035, 0.7654789573553994, 0.5996900053366441, 0.31131337424123434, 0.22521637898370356, 0.17709583092230935, 0.5300947070068484, 0.4786761889696001, 0.36663923220629707, 0.07575346396450373, 1.0, -0.04729202249456074, 0.6789496645807055, -0.017500185451411236, 0.4651776861666099, -0.036760236684079586, 0.271119068716374, 0.5105395453273572, 0.7717410494627879, 0.16329254626418283, 0.5708299513104738, 0.5366960297199802, 0.14352563084916564, 0.602453909870153, 0.2296867318804359, 0.35081912269670434, 0.5904694492500847, -0.21985559012481065, 0.5272007743132047, -0.2017687272968623, 0.10228357890360519, 0.5738899323896328, 0.2555632673433112, 0.38446224363573367, 0.2685760982052689, 0.3020234940682815, 0.6795235874267107, 0.554928932026078, -0.12294673012712132, 0.5694208420593408, 0.2398840872892356, 0.7430436335009812, 0.38727971715554854, 0.1312080557262356, 0.0887514115082906, 0.3801421595031513, 0.7384752360289839, 0.5047037242472106, 0.47607523570600135, 0.4146958289665373, 0.44935184009879636, 0.7550597328273722, 0.03837854130132442, 0.3928333233285286, 0.8310741047063549, 0.23875100593442183, 0.4160292577061705, 0.12784367787546194, 0.6912589071246471, 0.7897407794167124, 0.24208399298084418, 0.10397771994834977, 0.5986238098966306, 0.08757827607390467, -0.002236283115327443, 0.40680644075934125, 0.5766263788872568, 0.2587753008407423, 0.7346867287006213, 0.29448127173327193, 0.1890432635092455, 0.41851655193253806, 0.3078612041510734, 0.3226664255523472, 0.10951586692084708, 0.12488042263408111, 0.6117050978771229, 0.06341486875224779, -0.09316043852746322, 0.23160828397476838, 0.27166402242537085, 0.3241591023450263, 0.14816745821346086, 0.5817155158157045, 0.7642816616548177, 0.4778820684430092, 0.05079774871021359, 0.47378289986783334, 0.2526212578883959, 0.3603396951006589, 0.22130999040433788, 0.19784261581164955], [0.6725757171774799, 0.7362261623410391, 0.5909622683149169, 0.16861837708630775, 0.3587500388225056, 0.4949706266836247, -0.17403060782024313, 0.20420406905712912, 0.7210453161097597, -0.27121403997891164, 0.27987891466172526, 0.3798712461029219, 0.7157359360319702, 0.6978282984447006, -0.47304518657599975, 0.1469731573709846, 0.3877965192611701, 0.7475463050131915, -0.04729202249456074, 1.0, 0.05086609691556765, 0.7394726481199833, 0.15688863023050081, 0.306476937675291, 0.36590504471574803, 0.4733209511159194, 0.044745687128833984, 0.5817149987568758, 0.13934156025867608, 0.3840249213111287, 0.2600921375826993, -0.021874525184196216, 0.6316141170262388, 0.440961503706474, 0.2612298511195782, 0.52821816932585, -0.22122906709935367, 0.37533375918316586, 0.6414832263679191, 0.014214485999934042, 0.4701023645590555, 0.1351244080894465, 0.5508638138523992, 0.3673148145093675, 0.012586691228306524, 0.12479405210500549, 0.6069999538340635, 0.020304430729092958, 0.3092392007678147, 0.042456927516064565, -0.30568164570109674, 0.41590436217855725, 0.6074120773975655, 0.4231284624461013, -0.029455331642603035, 0.5431618117847621, -0.1640015362418477, 0.14118294247859084, 0.22886339412088347, 0.06462153527464261, 0.3785685076526946, 0.5373292199934921, -0.10409582772375421, 0.30359550867997237, 0.4297439915863072, 0.6870720292186364, 0.11537366617793705, -0.14279016304240583, -0.29164117661965455, 0.5034777